bedA	bedB	pvalue	zscore	alt	regionset	window	Acnt	Bcnt	Abp	Bbp	intersection	union	jaccard	Ninter	Ainter	Binter	Auniq	Buniq	A_fifty	B_fifty
10_Txn_Elongation	cancHpredH	0.000999000999000999	4.7786	greater	349	0	22544	498	117450551	24900000	1787639	140539870	0.0127198	349	344	140	22200	358	319	3
10_Txn_Elongation	cancHpredL	0.024975024975025	2.0526	greater	990	0	22544	1503	117450551	75150000	4766481	187810023	0.0253793	990	930	406	21614	1097	894	11
10_Txn_Elongation	cancHpredL2	0.420579420579421	0.1477	greater	254	0	22544	505	117450551	25250000	1272893	141404609	0.00900178	254	240	107	22304	398	231	1
10_Txn_Elongation	cancLpredH	0.460539460539461	-0.1775	less	345	0	22544	867	117450551	43350000	1494192	159282948	0.00938074	345	332	134	22212	733	310	1
11_Weak_Txn	cancHpredH	0.000999000999000999	4.1119	greater	1253	0	97631	498	398145393	24900000	4543071	418404193	0.0108581	1253	1245	310	96386	188	1152	8
11_Weak_Txn	cancHpredL	0.020979020979021	2.2812	greater	3694	0	97631	1503	398145393	75150000	13079303	460116956	0.028426	3694	3554	932	94077	571	3425	21
11_Weak_Txn	cancHpredL2	0.432567432567433	-0.168	less	996	0	97631	505	398145393	25250000	3257646	420039611	0.00775557	996	961	267	96670	238	924	1
11_Weak_Txn	cancLpredH	0.300699300699301	-0.5222	less	1434	0	97631	867	398145393	43350000	5355715	436041180	0.0122826	1434	1393	414	96238	453	1342	11
12_Repressed	cancHpredH	0.240759240759241	0.7298	greater	197	0	19884	498	65026101	24900000	529761	89375958	0.00592733	197	196	105	19688	393	184	0
12_Repressed	cancHpredL	0.356643356643357	-0.4459	less	634	0	19884	1503	65026101	75150000	2222619	137932095	0.0161139	634	615	330	19269	1173	599	5
12_Repressed	cancHpredL2	0.388611388611389	0.0922	greater	238	0	19884	505	65026101	25250000	951491	89304221	0.0106545	238	232	121	19652	384	223	3
12_Repressed	cancLpredH	0.424575424575425	0.0932	greater	304	0	19884	867	65026101	43350000	931796	107423554	0.00867404	304	293	155	19591	712	286	1
13_Heterochrom	cancHpredH	0.012987012987013	2.2644	greater	1141	0	84689	498	2017861858	24900000	15369865	2027306806	0.00758142	1141	1095	446	83594	52	797	172
13_Heterochrom	cancHpredL	0.432567432567433	-0.1306	less	3253	0	84689	1503	2017861858	75150000	46201050	2046724616	0.0225732	3253	2736	1328	81953	175	2259	579
13_Heterochrom	cancHpredL2	0.300699300699301	-0.4424	less	1087	0	84689	505	2017861858	25250000	17431952	2025594712	0.00860584	1087	881	468	83808	37	709	251
13_Heterochrom	cancLpredH	0.360639360639361	-0.178	less	1760	0	84689	867	2017861858	43350000	27806854	2033319448	0.0136756	1760	1453	733	83236	134	1179	368
14_Repetitive	cancHpredH	0.268731268731269	-0.7831	less	16	0	3415	498	3894144	24900000	7200	28783031	0.000250147	16	16	12	3399	486	16	0
14_Repetitive	cancHpredL	0.120879120879121	1.3843	greater	152	0	3415	1503	3894144	75150000	132486	78906740	0.00167902	152	151	50	3264	1453	149	0
14_Repetitive	cancHpredL2	0.328671328671329	-0.6553	less	14	0	3415	505	3894144	25250000	7000	29133224	0.000240276	14	14	14	3401	491	14	0
14_Repetitive	cancLpredH	0.0929070929070929	1.6817	greater	141	0	3415	867	3894144	43350000	138275	47101587	0.00293568	141	140	32	3275	835	138	0
15_Repetitive	cancHpredH	0.320679320679321	-0.6484	less	19	0	3478	498	2461345	24900000	10152	27347217	0.000371226	19	19	19	3459	479	19	0
15_Repetitive	cancHpredL	0.0809190809190809	1.5362	greater	158	0	3478	1503	2461345	75150000	373748	77232616	0.00483925	158	153	72	3325	1431	152	4
15_Repetitive	cancHpredL2	0.576423576423576	-0.3456	less	23	0	3478	505	2461345	25250000	11000	27696362	0.000397164	23	23	22	3455	483	23	0
15_Repetitive	cancLpredH	0.040959040959041	2.1964	greater	141	0	3478	867	2461345	43350000	96597	45710403	0.00211324	141	138	37	3340	830	138	0
1_Active_Promoter	cancHpredH	0.000999000999000999	3.6374	greater	201	0	13712	498	17028696	24900000	229203	41685283	0.00549842	201	201	121	13511	377	193	0
1_Active_Promoter	cancHpredL	0.172827172827173	0.9359	greater	523	0	13712	1503	17028696	75150000	655939	91507542	0.00716814	523	515	330	13197	1173	513	0
1_Active_Promoter	cancHpredL2	0.396603396603397	-0.3385	less	124	0	13712	505	17028696	25250000	161061	42103418	0.00382537	124	124	85	13588	420	123	0
1_Active_Promoter	cancLpredH	0.496503496503497	-0.0863	less	197	0	13712	867	17028696	43350000	240642	60123475	0.00400246	197	193	129	13519	738	193	0
2_Weak_Promoter	cancHpredH	0.004995004995005	2.928	greater	339	0	25239	498	13450244	24900000	174664	38149843	0.00457837	339	338	150	24901	348	338	0
2_Weak_Promoter	cancHpredL	0.320679320679321	0.4378	greater	914	0	25239	1503	13450244	75150000	497050	88076452	0.00564339	914	904	430	24335	1073	898	0
2_Weak_Promoter	cancHpredL2	0.360639360639361	-0.4042	less	220	0	25239	505	13450244	25250000	125962	38548538	0.00326762	220	218	115	25021	390	216	0
2_Weak_Promoter	cancLpredH	0.488511488511489	-0.1812	less	352	0	25239	867	13450244	43350000	167988	56606150	0.00296766	352	351	165	24888	702	347	0
3_Poised_Promoter	cancHpredH	0.324675324675325	0.5738	greater	41	0	3949	498	3940416	24900000	46597	28789372	0.00161855	41	41	29	3908	469	40	0
3_Poised_Promoter	cancHpredL	0.332667332667333	0.4451	greater	157	0	3949	1503	3940416	75150000	162741	78922223	0.00206204	157	156	115	3793	1388	154	0
3_Poised_Promoter	cancHpredL2	0.508491508491508	-0.2052	less	43	0	3949	505	3940416	25250000	36051	29149911	0.00123674	43	43	37	3906	468	42	0
3_Poised_Promoter	cancLpredH	0.360639360639361	-0.4786	less	53	0	3949	867	3940416	43350000	55906	47229694	0.0011837	53	53	38	3896	829	53	0
4_Strong_Enhancer	cancHpredH	0.004995004995005	3.3382	greater	267	0	19740	498	15491373	24900000	204556	40166579	0.00509269	267	265	141	19475	357	258	0
4_Strong_Enhancer	cancHpredL	0.0769230769230769	1.4725	greater	801	0	19740	1503	15491373	75150000	627897	89992233	0.00697724	801	792	406	18948	1097	787	0
4_Strong_Enhancer	cancHpredL2	0.468531468531469	-0.0649	less	201	0	19740	505	15491373	25250000	148598	40572530	0.00366253	201	200	111	19540	394	200	0
4_Strong_Enhancer	cancLpredH	0.400599400599401	-0.3517	less	272	0	19740	867	15491373	43350000	190650	58630116	0.00325174	272	272	162	19468	705	269	0
5_Strong_Enhancer	cancHpredH	0.004995004995005	2.9563	greater	601	0	52368	498	47808824	24900000	540662	72115296	0.00749719	601	600	218	51768	280	595	0
5_Strong_Enhancer	cancHpredL	0.036963036963037	1.8168	greater	1871	0	52368	1503	47808824	75150000	1699420	121205533	0.014021	1871	1849	681	50519	822	1833	0
5_Strong_Enhancer	cancHpredL2	0.308691308691309	0.5694	greater	569	0	52368	505	47808824	25250000	516552	72489399	0.0071259	569	560	200	51808	305	556	0
5_Strong_Enhancer	cancLpredH	0.276723276723277	-0.5934	less	712	0	52368	867	47808824	43350000	611003	90494586	0.00675182	712	705	303	51663	564	699	0
6_Weak_Enhancer	cancHpredH	0.012987012987013	2.2026	greater	750	0	69010	498	27760784	24900000	292941	52298335	0.00560134	750	750	296	68260	202	747	0
6_Weak_Enhancer	cancHpredL	0.108891108891109	1.1328	greater	2240	0	69010	1503	27760784	75150000	907548	101932723	0.0089034	2240	2228	890	66782	613	2216	0
6_Weak_Enhancer	cancHpredL2	0.524475524475524	-0.0312	less	650	0	69010	505	27760784	25250000	284218	52657051	0.00539753	650	645	262	68365	243	640	0
6_Weak_Enhancer	cancLpredH	0.444555444555445	-0.1963	less	980	0	69010	867	27760784	43350000	392305	70648602	0.00555291	980	979	437	68031	430	974	0
7_Weak_Enhancer	cancHpredH	0.004995004995005	2.7899	greater	1605	0	149884	498	74259738	24900000	796162	98213194	0.00810647	1605	1603	347	148281	151	1589	0
7_Weak_Enhancer	cancHpredL	0.0529470529470529	1.6703	greater	4910	0	149884	1503	74259738	75150000	2394028	146864323	0.016301	4910	4880	1031	145004	472	4870	0
7_Weak_Enhancer	cancHpredL2	0.544455544455544	0.029	greater	1470	0	149884	505	74259738	25250000	717703	98641646	0.00727586	1470	1457	298	148427	207	1452	0
7_Weak_Enhancer	cancLpredH	0.400599400599401	-0.2469	less	2116	0	149884	867	74259738	43350000	1016238	116442749	0.00872736	2116	2104	471	147780	396	2093	0
8_Insulator	cancHpredH	0.000999000999000999	3.3136	greater	374	0	33709	498	13116840	24900000	145773	37836860	0.00385267	374	374	252	33335	246	372	0
8_Insulator	cancHpredL	0.396603396603397	0.286	greater	993	0	33709	1503	13116840	75150000	389759	87841869	0.00443705	993	991	656	32718	847	984	0
8_Insulator	cancHpredL2	0.0889110889110889	-1.4721	less	277	0	33709	505	13116840	25250000	113044	38219582	0.00295775	277	277	189	33432	316	276	0
8_Insulator	cancLpredH	0.0769230769230769	-1.4666	less	419	0	33709	867	13116840	43350000	159850	56272414	0.00284065	419	417	302	33292	565	416	0
9_Txn_Transition	cancHpredH	0.000999000999000999	3.7989	greater	157	0	9999	498	13660808	24900000	207582	38342729	0.00541386	157	157	81	9842	417	155	0
9_Txn_Transition	cancHpredL	0.020979020979021	1.8969	greater	465	0	9999	1503	13660808	75150000	728484	88070822	0.00827157	465	458	221	9541	1282	457	0
9_Txn_Transition	cancHpredL2	0.328671328671329	0.432	greater	129	0	9999	505	13660808	25250000	162956	38737348	0.00420669	129	127	59	9872	446	127	0
9_Txn_Transition	cancLpredH	0.312687312687313	0.3988	greater	162	0	9999	867	13660808	43350000	213998	56785944	0.0037685	162	161	82	9838	785	161	0
